AA,Cys,Pro,Ala,Gly,Ser,Thr,Gln,Glu,Asn,Asp,His,Lys,Arg,Val,Leu,Ile,Met,Phe,Tyr,Trp
Cys,0,1.33,1.39,2.22,2.84,1.45,2.48,3.26,2.83,3.48,2.56,3.27,3.06,0.86,1.65,1.63,1.46,2.24,2.38,3.34
Pro,1.33,0,0.06,0.97,0.56,0.87,1.92,2.48,1.8,2.4,2.15,2.94,2.9,1.79,2.7,2.62,2.36,3.17,3.12,4.17
Ala,1.39,0.06,0,0.91,0.51,0.9,1.92,2.46,1.78,2.37,2.17,2.96,2.92,1.85,2.76,2.69,2.42,3.23,3.18,4.23
Gly,2.22,0.97,0.91,0,0.85,1.07,2.48,2.78,1.96,2.37,2.78,3.54,3.58,2.76,3.67,3.06,3.34,4.14,4.08,5.13
Ser,2.84,0.56,0.51,0.85,0,0.89,1.65,2.06,1.31,1.87,1.94,2.71,2.74,2.15,3.04,2.95,2.67,3.45,3.33,4.38
Thr,1.45,0.87,0.9,1.07,0.89,0,1.12,1.83,1.04,2.05,1.32,2.01,2.03,1.42,2.25,2.14,1.86,2.06,2.45,3.05
Gln,2.48,1.92,1.92,2.48,1.65,1.12,0,0.84,0.99,1.47,0.32,1.06,1.13,2.13,2.7,2.57,2.3,2.81,2.48,3.42
Glu,3.26,2.48,2.46,2.78,2.06,1.83,0.84,0,0.85,0.09,0.96,1.14,1.45,2.97,3.53,3.39,3.13,3.59,3.22,4.08
Asn,2.83,1.8,1.78,1.96,1.31,1.04,0.99,0.85,0,0.65,1.29,1.84,2.04,2.76,3.49,3.37,3.08,3.07,3.42,4.39
Asp,3.48,2.4,2.37,2.37,1.87,2.05,1.47,0.09,0.65,0,1.72,2.05,2.34,3.4,4.1,3.98,3.69,4.27,3.95,4.88
His,2.56,2.15,2.17,2.78,1.94,1.32,0.32,0.96,1.29,1.72,0,0.79,0.82,2.11,2.59,2.45,2.19,2.63,2.27,3.16
Lys,3.27,2.94,2.96,3.54,2.71,2.01,1.06,1.14,1.84,2.05,0.79,0,0.04,2.07,2.98,2.84,2.63,2.85,2.42,3.11
Arg,3.06,2.9,2.92,3.58,2.74,2.03,1.13,1.45,2.04,2.34,0.82,0.04,0,2.43,2.62,2.49,2.29,2.47,2.02,2.72
Val,0.86,1.79,1.85,2.76,2.15,1.42,2.13,2.97,2.76,3.4,2.11,2.07,2.43,0,0.91,0.85,0.62,1.43,1.52,2.51
Leu,1.65,2.7,2.76,3.67,3.04,2.25,2.7,3.53,3.49,4.1,2.59,2.98,2.62,0.91,0,0.14,0.41,0.63,0.94,1.73
Ile,1.63,2.62,2.69,3.06,2.95,2.14,2.57,3.39,3.37,3.98,2.45,2.84,2.49,0.85,0.14,0,0.29,0.61,0.86,1.72
Met,1.46,2.36,2.42,3.34,2.67,1.86,2.3,3.13,3.08,3.69,2.19,2.63,2.29,0.62,0.41,0.29,0,0.82,0.93,1.89
Phe,2.24,3.17,3.23,4.14,3.45,2.06,2.81,3.59,3.07,4.27,2.63,2.85,2.47,1.43,0.63,0.61,0.82,0,0.48,1.11
Tyr,2.38,3.12,3.18,4.08,3.33,2.45,2.48,3.22,3.42,3.95,2.27,2.42,2.02,1.52,0.94,0.86,0.93,0.48,0,1.06
Trp,3.34,4.17,4.23,5.13,4.38,3.05,3.42,4.08,4.39,4.88,3.16,3.11,2.72,2.51,1.73,1.72,1.89,1.11,1.06,0
